            precision    recall  f1-score   support

           0       1.00      0.89      0.94        28
           1       0.88      0.88      0.88        16
           2       0.78      0.88      0.82         8
           3       0.80      0.86      0.83        14
           4       0.57      0.67      0.62         6
           5       0.88      0.88      0.88        25
           6       0.75      1.00      0.86         9
           7       0.78      0.88      0.82         8
           8       0.50      0.36      0.42        14
           9       0.27      0.25      0.26        12
          10       0.77      0.57      0.66        40
          11       0.17      0.18      0.17        11
          12       0.42      0.28      0.33        18
          13       0.46      0.50      0.48        12
          14       0.33      0.25      0.29        12
          15       0.42      0.56      0.48         9
          16       0.22      0.13      0.17        15
          17       0.19      0.25      0.21        12
          18       1.00      1.00      1.00        10
          19       0.33      0.19      0.24        16
          20       0.67      0.77      0.71        13
          21       0.44      0.54      0.48        13
          22       0.35      0.50      0.41        12
          23       0.45      0.83      0.59         6
          24       0.73      0.62      0.67        13
          25       0.75      0.80      0.77        15
          26       0.40      0.47      0.43        17
          27       0.86      0.86      0.86         7
          28       0.12      0.19      0.15        16
          29       0.38      0.45      0.42        11
          30       0.24      0.50      0.32        12
          31       0.57      0.33      0.42        24
          32       0.43      0.43      0.43         7
          33       0.60      0.60      0.60        15
          34       0.33      0.27      0.30        11
          35       0.36      0.33      0.35        12
          36       0.50      0.87      0.63        15
          37       0.57      0.33      0.42        12
          38       0.40      0.20      0.27        10
          39       1.00      1.00      1.00        10
          40       0.80      0.73      0.76        11
          41       0.22      0.15      0.18        13
          42       0.27      0.25      0.26        12
          43       0.75      0.56      0.64        16
          44       0.28      0.45      0.34        11
          45       0.64      0.70      0.67        10
          46       0.57      0.67      0.62        12
          47       0.22      0.36      0.28        11
          48       0.45      0.28      0.34        18
          49       0.71      0.56      0.63         9
          50       0.86      0.40      0.55        15
          51       0.50      0.45      0.48        11
          52       0.33      0.36      0.34        14
          53       0.50      1.00      0.67         4
          54       0.67      0.31      0.42        13
          55       0.87      0.93      0.90        14
          56       0.93      1.00      0.97        14
          57       0.60      0.69      0.64        13
          58       0.41      0.56      0.47        16
          59       0.89      0.80      0.84        10
          60       0.42      0.36      0.39        22
          61       0.64      1.00      0.78         7
          62       0.33      0.12      0.18         8
          63       0.36      0.45      0.40        11
          64       0.60      0.67      0.63         9
          65       0.38      0.33      0.35         9
          66       0.44      1.00      0.62         8
          67       0.41      0.70      0.52        10
          68       0.45      0.71      0.56         7
          69       0.90      0.60      0.72        15
          70       0.62      0.56      0.59        18
          71       0.64      0.58      0.61        12
          72       0.27      0.35      0.30        23
          73       0.86      0.43      0.57        14
          74       0.69      0.56      0.62        16
          75       0.33      0.25      0.29         4
          76       0.62      0.80      0.70        10
          77       0.79      0.92      0.85        12
          78       0.29      0.15      0.20        13
          79       0.60      0.43      0.50        21
          80       0.38      0.51      0.43        35
          81       0.69      0.61      0.65        18
          82       0.21      0.25      0.23        12
          83       0.60      0.40      0.48        15
          84       1.00      0.60      0.75        10
          85       0.80      0.57      0.67         7
          86       0.56      0.56      0.56         9
          87       0.67      0.55      0.60        11
          88       0.80      1.00      0.89        12
          89       0.33      0.25      0.29         4
          90       0.48      0.91      0.62        11
          91       0.54      0.64      0.58        11
          92       0.44      0.54      0.48        13
          93       0.14      0.10      0.12        10
          94       0.00      0.00      0.00        10
          95       0.82      0.93      0.87        15
          96       0.18      0.50      0.27         4
          97       0.50      0.27      0.35        11
          98       0.22      0.15      0.18        13
          99       0.24      0.21      0.22        19
         100       0.47      0.57      0.52        14
         101       0.75      0.69      0.72        13
         102       0.57      0.44      0.50         9
         103       0.43      0.67      0.52         9
         104       1.00      0.86      0.92        14
         105       0.67      0.86      0.75         7
         106       0.50      0.50      0.50        12
         107       0.75      0.55      0.63        11
         108       0.53      0.89      0.67         9
         109       0.58      0.54      0.56        13
         110       0.58      0.41      0.48        17
         111       0.36      0.80      0.50         5
         112       0.47      1.00      0.64         9
         113       0.67      0.53      0.59        15
         114       0.27      0.33      0.30        12
         115       0.78      0.58      0.67        12
         116       0.40      0.29      0.33        14
         117       0.33      0.38      0.35         8
         118       1.00      0.71      0.83        14
         119       0.79      0.69      0.73        16
         120       0.86      0.55      0.67        11
         121       0.75      0.67      0.71         9
         122       0.88      0.94      0.91        16
         123       0.85      0.92      0.88        12
         124       0.56      0.45      0.50        11
         125       0.00      0.00      0.00        14
         126       0.78      0.88      0.82        16
         127       0.64      0.82      0.72        11
         128       0.87      0.91      0.89        22
         129       0.88      0.88      0.88         8
         130       0.31      0.45      0.37        11
         131       0.40      0.35      0.38        17
         132       0.41      0.54      0.47        13
         133       0.67      0.89      0.76         9
         134       0.33      0.20      0.25        10
         135       0.47      0.73      0.57        11
         136       0.86      0.86      0.86        14
         137       0.59      0.77      0.67        22
         138       0.50      0.59      0.54        17
         139       0.57      0.40      0.47        10
         140       0.50      0.53      0.51        17
         141       0.38      0.33      0.36        15
         142       0.62      0.71      0.67        14
         143       0.82      0.50      0.62        18
         145       0.31      0.40      0.35        10
         146       0.25      0.44      0.32         9
         147       0.62      0.71      0.67         7
         148       0.25      0.11      0.15         9
         149       0.70      0.39      0.50        18
         150       0.73      0.47      0.57        17
         151       1.00      1.00      1.00         9
         152       0.62      0.94      0.75        16
         153       0.92      0.92      0.92        12
         154       0.27      0.57      0.36         7
         155       0.00      0.00      0.00         5
         156       0.61      0.79      0.69        14
         157       0.62      0.57      0.59        14
         158       0.50      0.67      0.57        12
         159       0.82      1.00      0.90        18
         160       0.29      0.25      0.27         8
         161       0.67      0.91      0.77        11
         162       0.89      0.80      0.84        10
         163       0.67      0.33      0.44         6
         164       0.88      0.93      0.90        15
         165       0.83      0.33      0.48        15
         166       0.67      0.70      0.68        20
         167       0.36      0.31      0.33        13
         168       0.07      0.12      0.09         8
         169       0.75      0.43      0.55         7
         170       0.00      0.00      0.00         2
         171       0.62      0.80      0.70        10
         172       0.60      0.33      0.43        18
         173       0.40      0.80      0.53        10
         174       0.88      0.58      0.70        12
         175       0.80      0.50      0.62         8
         176       0.50      0.33      0.40         3
         177       1.00      0.92      0.96        13
         178       0.20      0.12      0.15        17
         179       1.00      0.18      0.31        11
         180       0.94      0.94      0.94        16
         181       0.33      0.07      0.12        14
         182       0.36      0.44      0.40         9
         183       0.28      0.22      0.24        23
         184       0.40      0.33      0.36         6

    accuracy                           0.55      2315
   macro avg       0.56      0.55      0.54      2315
weighted avg       0.57      0.55      0.55      2315

              precision    recall  f1-score   support

           0       0.57      0.61      0.59        28
           1       0.55      0.69      0.61        16
           2       0.43      0.38      0.40         8
           3       0.75      0.86      0.80        14
           4       0.40      0.33      0.36         6
           5       0.69      0.80      0.74        25
           6       0.78      0.78      0.78         9
           7       0.67      0.25      0.36         8
           8       0.00      0.00      0.00        14
           9       0.10      0.08      0.09        12
          10       0.35      0.42      0.38        40
          11       0.12      0.09      0.11        11
          12       0.20      0.06      0.09        18
          13       0.00      0.00      0.00        12
          14       0.00      0.00      0.00        12
          15       0.44      0.44      0.44         9
          16       0.20      0.13      0.16        15
          17       0.29      0.17      0.21        12
          18       0.77      1.00      0.87        10
          19       0.67      0.12      0.21        16
          20       0.03      0.08      0.04        13
          21       0.15      0.23      0.18        13
          22       0.16      0.50      0.24        12
          23       0.15      0.50      0.23         6
          24       0.00      0.00      0.00        13
          25       1.00      0.00      0.00        15
          26       0.00      0.00      0.00        17
          27       0.50      0.57      0.53         7
          28       0.08      0.50      0.14        16
          29       0.00      0.00      0.00        11
          30       0.02      0.08      0.04        12
          31       0.54      0.29      0.38        24
          32       1.00      0.00      0.00         7
          33       0.50      0.33      0.40        15
          34       0.12      0.09      0.11        11
          35       0.33      0.08      0.13        12
          36       0.46      0.80      0.59        15
          37       0.33      0.08      0.13        12
          38       0.50      0.20      0.29        10
          39       0.50      0.60      0.55        10
          40       0.75      0.55      0.63        11
          41       1.00      0.00      0.00        13
          42       1.00      0.00      0.00        12
          43       0.28      0.50      0.36        16
          44       0.24      0.64      0.35        11
          45       0.42      0.80      0.55        10
          46       0.53      0.67      0.59        12
          47       0.00      0.00      0.00        11
          48       1.00      0.11      0.20        18
          49       0.44      0.78      0.56         9
          50       1.00      0.00      0.00        15
          51       1.00      0.00      0.00        11
          52       1.00      0.00      0.00        14
          53       0.00      0.00      0.00         4
          54       1.00      0.15      0.27        13
          55       0.68      0.93      0.79        14
          56       0.75      0.43      0.55        14
          57       0.50      0.54      0.52        13
          58       0.00      0.00      0.00        16
          59       1.00      0.40      0.57        10
          60       0.50      0.14      0.21        22
          61       0.18      0.86      0.30         7
          62       0.20      0.12      0.15         8
          63       0.12      0.09      0.11        11
          64       0.27      0.44      0.33         9
          65       1.00      0.00      0.00         9
          66       0.40      1.00      0.57         8
          67       0.19      0.30      0.23        10
          68       0.16      0.71      0.26         7
          69       0.44      0.47      0.45        15
          70       0.55      0.61      0.58        18
          71       0.14      0.08      0.11        12
          72       0.21      0.48      0.29        23
          73       0.40      0.14      0.21        14
          74       0.54      0.44      0.48        16
          75       1.00      0.00      0.00         4
          76       0.64      0.70      0.67        10
          77       0.53      0.83      0.65        12
          78       0.67      0.15      0.25        13
          79       0.26      0.43      0.32        21
          80       0.08      0.80      0.15        35
          81       0.41      0.39      0.40        18
          82       0.05      0.08      0.06        12
          83       0.00      0.00      0.00        15
          84       0.40      0.20      0.27        10
          85       1.00      0.00      0.00         7
          86       1.00      0.00      0.00         9
          87       0.50      0.45      0.48        11
          88       0.00      0.00      0.00        12
          89       1.00      0.00      0.00         4
          90       0.11      0.09      0.10        11
          91       0.00      0.00      0.00        11
          92       0.00      0.00      0.00        13
          93       1.00      0.00      0.00        10
          94       0.00      0.00      0.00        10
          95       0.81      0.87      0.84        15
          96       1.00      0.00      0.00         4
          97       1.00      0.00      0.00        11
          98       1.00      0.00      0.00        13
          99       0.17      0.05      0.08        19
         100       0.38      0.21      0.27        14
         101       0.08      0.08      0.08        13
         102       0.33      0.33      0.33         9
         103       0.33      0.44      0.38         9
         104       0.91      0.71      0.80        14
         105       0.36      0.57      0.44         7
         106       0.44      0.58      0.50        12
         107       0.45      0.45      0.45        11
         108       0.44      0.78      0.56         9
         109       0.75      0.46      0.57        13
         110       0.67      0.35      0.46        17
         111       0.12      0.40      0.19         5
         112       0.32      0.67      0.43         9
         113       0.80      0.53      0.64        15
         114       0.25      0.08      0.12        12
         115       0.38      0.25      0.30        12
         116       0.25      0.29      0.27        14
         117       0.50      0.50      0.50         8
         118       0.88      0.50      0.64        14
         119       0.36      0.25      0.30        16
         120       0.83      0.45      0.59        11
         121       0.73      0.89      0.80         9
         122       0.77      0.62      0.69        16
         123       0.83      0.83      0.83        12
         124       0.14      0.18      0.16        11
         125       0.20      0.07      0.11        14
         126       0.75      0.38      0.50        16
         127       1.00      0.00      0.00        11
         128       0.90      0.41      0.56        22
         129       0.25      0.12      0.17         8
         130       0.00      0.00      0.00        11
         131       0.50      0.18      0.26        17
         132       0.25      0.08      0.12        13
         133       0.00      0.00      0.00         9
         134       0.20      0.10      0.13        10
         135       0.17      0.09      0.12        11
         136       0.73      0.79      0.76        14
         137       0.42      0.73      0.53        22
         138       0.00      0.00      0.00        17
         139       0.00      0.00      0.00        10
         140       0.36      0.29      0.32        17
         141       1.00      0.00      0.00        15
         142       0.61      0.79      0.69        14
         143       0.57      0.22      0.32        18
         145       0.12      0.10      0.11        10
         146       0.21      0.33      0.26         9
         147       0.17      0.14      0.15         7
         148       1.00      0.00      0.00         9
         149       0.40      0.44      0.42        18
         150       0.30      0.18      0.22        17
         151       0.67      0.67      0.67         9
         152       0.91      0.62      0.74        16
         153       0.80      0.33      0.47        12
         154       0.00      0.00      0.00         7
         155       1.00      0.00      0.00         5
         156       0.71      0.71      0.71        14
         157       0.50      0.07      0.12        14
         158       0.23      0.25      0.24        12
         159       0.58      0.61      0.59        18
         160       0.25      0.38      0.30         8
         161       0.62      0.91      0.74        11
         162       0.38      0.30      0.33        10
         163       0.33      0.33      0.33         6
         164       0.86      0.80      0.83        15
         165       1.00      0.00      0.00        15
         166       0.33      0.25      0.29        20
         167       0.25      0.15      0.19        13
         168       0.06      0.25      0.10         8
         169       1.00      0.00      0.00         7
         170       0.25      0.50      0.33         2
         171       0.50      0.30      0.37        10
         172       0.32      0.33      0.32        18
         173       0.00      0.00      0.00        10
         174       0.33      0.08      0.13        12
         175       0.50      0.12      0.20         8
         176       1.00      0.00      0.00         3
         177       0.71      0.92      0.80        13
         178       0.27      0.18      0.21        17
         179       1.00      0.00      0.00        11
         180       0.56      0.94      0.70        16
         181       1.00      0.00      0.00        14
         182       1.00      0.11      0.20         9
         183       0.09      0.04      0.06        23
         184       1.00      0.00      0.00         6

    accuracy                           0.33      2315
   macro avg       0.47      0.31      0.29      2315
weighted avg       0.46      0.33      0.30      2315

              precision    recall  f1-score   support

           0       0.37      0.75      0.49        28
           1       0.33      0.12      0.18        16
           2       0.00      0.00      0.00         8
           3       0.57      0.93      0.70        14
           4       1.00      0.00      0.00         6
           5       0.43      0.52      0.47        25
           6       0.18      0.89      0.30         9
           7       0.44      0.88      0.58         8
           8       1.00      0.00      0.00        14
           9       0.67      0.17      0.27        12
          10       0.36      0.45      0.40        40
          11       0.17      0.18      0.17        11
          12       0.00      0.00      0.00        18
          13       0.50      0.08      0.14        12
          14       1.00      0.00      0.00        12
          15       0.00      0.00      0.00         9
          16       1.00      0.07      0.12        15
          17       1.00      0.00      0.00        12
          18       0.53      1.00      0.69        10
          19       1.00      0.00      0.00        16
          20       0.38      0.46      0.41        13
          21       0.20      0.23      0.21        13
          22       0.14      0.58      0.23        12
          23       0.16      0.50      0.24         6
          24       0.22      0.15      0.18        13
          25       1.00      0.00      0.00        15
          26       0.00      0.00      0.00        17
          27       0.43      0.86      0.57         7
          28       0.13      0.44      0.20        16
          29       0.20      0.09      0.13        11
          30       0.00      0.00      0.00        12
          31       0.50      0.04      0.08        24
          32       1.00      0.00      0.00         7
          33       1.00      0.13      0.24        15
          34       1.00      0.00      0.00        11
          35       0.46      0.50      0.48        12
          36       0.15      0.53      0.24        15
          37       1.00      0.00      0.00        12
          38       1.00      0.00      0.00        10
          39       0.60      0.30      0.40        10
          40       1.00      0.27      0.43        11
          41       1.00      0.00      0.00        13
          42       1.00      0.00      0.00        12
          43       0.22      0.44      0.29        16
          44       0.22      0.18      0.20        11
          45       0.45      0.50      0.48        10
          46       0.50      0.17      0.25        12
          47       0.00      0.00      0.00        11
          48       1.00      0.00      0.00        18
          49       0.21      0.67      0.32         9
          50       1.00      0.00      0.00        15
          51       1.00      0.00      0.00        11
          52       0.17      0.14      0.15        14
          53       0.50      0.25      0.33         4
          54       0.00      0.00      0.00        13
          55       0.50      0.79      0.61        14
          56       0.50      0.64      0.56        14
          57       0.56      0.38      0.45        13
          58       1.00      0.06      0.12        16
          59       1.00      0.00      0.00        10
          60       0.20      0.09      0.13        22
          61       0.20      0.14      0.17         7
          62       1.00      0.00      0.00         8
          63       1.00      0.00      0.00        11
          64       0.21      0.44      0.29         9
          65       0.00      0.00      0.00         9
          66       0.23      0.75      0.35         8
          67       0.22      0.20      0.21        10
          68       0.17      0.71      0.28         7
          69       0.15      0.33      0.21        15
          70       0.57      0.72      0.63        18
          71       0.21      0.33      0.26        12
          72       0.23      0.22      0.22        23
          73       0.58      0.50      0.54        14
          74       0.32      0.44      0.37        16
          75       0.00      0.00      0.00         4
          76       0.35      0.70      0.47        10
          77       0.29      0.83      0.43        12
          78       0.50      0.31      0.38        13
          79       0.00      0.00      0.00        21
          80       0.09      0.69      0.16        35
          81       0.58      0.39      0.47        18
          82       1.00      0.00      0.00        12
          83       0.60      0.40      0.48        15
          84       0.30      0.30      0.30        10
          85       1.00      0.00      0.00         7
          86       0.20      0.11      0.14         9
          87       0.56      0.45      0.50        11
          88       0.39      0.58      0.47        12
          89       1.00      0.00      0.00         4
          90       0.14      0.09      0.11        11
          91       0.08      0.09      0.09        11
          92       0.67      0.15      0.25        13
          93       1.00      0.00      0.00        10
          94       1.00      0.00      0.00        10
          95       0.46      0.80      0.59        15
          96       1.00      0.00      0.00         4
          97       1.00      0.00      0.00        11
          98       1.00      0.00      0.00        13
          99       1.00      0.00      0.00        19
         100       0.00      0.00      0.00        14
         101       0.28      0.54      0.37        13
         102       1.00      0.00      0.00         9
         103       0.12      0.22      0.15         9
         104       0.36      0.57      0.44        14
         105       0.24      0.57      0.33         7
         106       0.33      0.08      0.13        12
         107       0.17      0.09      0.12        11
         108       0.21      0.78      0.33         9
         109       1.00      0.00      0.00        13
         110       0.40      0.12      0.18        17
         111       1.00      0.00      0.00         5
         112       0.00      0.00      0.00         9
         113       0.44      0.47      0.45        15
         114       0.30      0.25      0.27        12
         115       0.25      0.08      0.12        12
         116       0.18      0.21      0.19        14
         117       0.12      0.12      0.12         8
         118       0.60      0.43      0.50        14
         119       0.50      0.31      0.38        16
         120       1.00      0.00      0.00        11
         121       0.38      0.33      0.35         9
         122       0.73      0.50      0.59        16
         123       0.50      0.83      0.62        12
         124       0.27      0.27      0.27        11
         125       1.00      0.00      0.00        14
         126       0.38      0.56      0.45        16
         127       0.00      0.00      0.00        11
         128       0.65      0.59      0.62        22
         129       1.00      0.00      0.00         8
         130       0.00      0.00      0.00        11
         131       1.00      0.00      0.00        17
         132       0.24      0.62      0.34        13
         133       0.00      0.00      0.00         9
         134       0.00      0.00      0.00        10
         135       0.50      0.73      0.59        11
         136       0.00      0.00      0.00        14
         137       0.20      0.95      0.34        22
         138       1.00      0.00      0.00        17
         139       0.00      0.00      0.00        10
         140       0.24      0.41      0.30        17
         141       1.00      0.00      0.00        15
         142       0.67      0.57      0.62        14
         143       0.40      0.11      0.17        18
         145       1.00      0.00      0.00        10
         146       1.00      0.00      0.00         9
         147       0.56      0.71      0.63         7
         148       1.00      0.00      0.00         9
         149       0.24      0.28      0.26        18
         150       1.00      0.06      0.11        17
         151       0.32      0.78      0.45         9
         152       0.41      0.88      0.56        16
         153       0.50      0.42      0.45        12
         154       0.11      0.14      0.12         7
         155       1.00      0.00      0.00         5
         156       0.20      0.86      0.33        14
         157       0.00      0.00      0.00        14
         158       0.22      0.17      0.19        12
         159       0.34      0.67      0.45        18
         160       0.25      0.25      0.25         8
         161       0.27      1.00      0.42        11
         162       0.18      0.20      0.19        10
         163       1.00      0.00      0.00         6
         164       0.50      0.27      0.35        15
         165       1.00      0.00      0.00        15
         166       0.27      0.45      0.34        20
         167       1.00      0.00      0.00        13
         168       0.00      0.00      0.00         8
         169       1.00      0.00      0.00         7
         170       0.10      0.50      0.17         2
         171       0.36      0.50      0.42        10
         172       0.40      0.22      0.29        18
         173       0.36      0.40      0.38        10
         174       1.00      0.00      0.00        12
         175       0.33      0.12      0.18         8
         176       1.00      0.33      0.50         3
         177       0.41      1.00      0.58        13
         178       0.00      0.00      0.00        17
         179       1.00      0.00      0.00        11
         180       0.33      0.94      0.49        16
         181       1.00      0.00      0.00        14
         182       0.00      0.00      0.00         9
         183       1.00      0.00      0.00        23
         184       0.00      0.00      0.00         6

    accuracy                           0.28      2315
   macro avg       0.49      0.26      0.21      2315
weighted avg       0.49      0.28      0.22      2315

Classifier                          Accuracy    Recall    Precision    F1-Score    Hamming Loss
--------------------------------  ----------  --------  -----------  ----------  --------------
Multi-Layer Perceptron                0.5546    0.5546       0.5546      0.5546          0.4454
Support Vector Classifier             0.3253    0.3253       0.3253      0.3253          0.6747
Linear Support Vector Classifier      0.2816    0.2816       0.2816      0.2816          0.7184
